==========Dataset MQ2007 NDCGs===========
Func,	    NDCG@1, NDCG@3, NDCG@5, NDCG@10,NDCG@20,NDCG@50,
ListN,	  0.4649,	0.4703,	0.4798,	0.5112,	0.5826,	0.6943
KLDiv,	  0.4708,	0.4709,	0.4804,	0.5128,	0.5833,	0.6944
Alph-0.5,	0.4674,	0.4705,	0.4795,	0.5107,	0.5821,	0.6944
Alph0.5,	0.4663,	0.4698,	0.4801,	0.5118,	0.5828,	0.6943
Alph1.3,	0.4747,	0.4719,	0.4810,	0.5137,	0.5837,	0.6946
Alph1.4,	0.4738,	0.4713,	0.4805,	0.5137,	0.5836,	0.6946
Alph1.5,	0.4736,	0.4710,	0.4799,	0.5132,	0.5834,	0.6943
Alph1.6,	0.4752,	0.4715,	0.4802,	0.5137,	0.5837,	0.6946
Alph1.7,	0.4745,	0.4701,	0.4791,	0.5134,	0.5830,	0.6940
Alph2.0,	0.4737,	0.4694,	0.4781,	0.5121,	0.5817,	0.6932
Alph5.0,	0.4400,	0.4474,	0.4537,	0.4842,	0.5548,	0.6755
Wgt0.1,	  0.4538,	0.4544,	0.4639,	0.5024,	0.5719,	0.6881
Wgt0.7,	  0.4710,	0.4700,	0.4797,	0.5122,	0.5827,	0.6944
Wgt1.4,	  0.4741,	0.4724,	0.4819,	0.5150,	0.5843,	0.6952
Wgt2.0,	  0.4769,	0.4737,	0.4822,	0.5157,	0.5847,	0.6957
Wgt4.0,	  0.4806,	0.4771,	0.4839,	0.5165,	0.5862,	0.6968
Wgt5.0,	  0.4802,	0.4773,	0.4843,	0.5175,	0.5868,	0.6970
Wgt6.0,	  0.4779,	0.4775,	0.4839,	0.5175,	0.5865,	0.6969
Wgt8.0,	  0.4753,	0.4776,	0.4840,	0.5181,	0.5865,	0.6968
Wgt10.0,	0.4747,	0.4782,	0.4844,	0.5184,	0.5867,	0.6969
Wgt15.0,	0.4742,	0.4785,	0.4841,	0.5187,	0.5864,	0.6970
==========Dataset MQ2007 ERRs ===========
Func,	    ERR@1,	ERR@3,	ERR@5,	ERR@10,	ERR@20,	ERR@50
ListN,	  0.2183,	0.3117,	0.3386,	0.3577,	0.3655,	0.3681
KLDiv,	  0.2208,	0.3127,	0.3398,	0.3590,	0.3667,	0.3692
Alph-0.5,	0.2205,	0.3132,	0.3397,	0.3590,	0.3667,	0.3693
Alph0.5,	0.2187,	0.3118,	0.3387,	0.3578,	0.3656,	0.3682
Alph1.3,	0.2223,	0.3138,	0.3406,	0.3598,	0.3675,	0.3700
Alph1.4,	0.2218,	0.3137,	0.3404,	0.3596,	0.3673,	0.3699
Alph1.5,	0.2217,	0.3137,	0.3401,	0.3595,	0.3671,	0.3697
Alph1.6,	0.2237,	0.3150,	0.3412,	0.3607,	0.3684,	0.3709
Alph1.7,	0.2227,	0.3140,	0.3403,	0.3598,	0.3675,	0.3701
Alph2.0,	0.2215,	0.3132,	0.3394,	0.3591,	0.3667,	0.3693
Alph5.0,	0.2010,	0.2952,	0.3209,	0.3407,	0.3491,	0.3519
Wgt0.1,	  0.2134,	0.3034,	0.3297,	0.3502,	0.3580,	0.3606
Wgt0.7,	  0.2217,	0.3123,	0.3395,	0.3589,	0.3666,	0.3691
Wgt1.4,	  0.2227,	0.3142,	0.3412,	0.3604,	0.3680,	0.3706
Wgt2.0,	  0.2243,	0.3153,	0.3419,	0.3613,	0.3689,	0.3714
Wgt4.0,	  0.2270,	0.3186,	0.3444,	0.3639,	0.3715,	0.3740
Wgt5.0,	  0.2267,	0.3184,	0.3441,	0.3638,	0.3713,	0.3739
Wgt6.0,	  0.2258,	0.3183,	0.3436,	0.3635,	0.3709,	0.3735
Wgt8.0,	  0.2249,	0.3182,	0.3437,	0.3635,	0.3708,	0.3734
Wgt10.0,	0.2247,	0.3184,	0.3436,	0.3635,	0.3709,	0.3734
Wgt15.0,	0.2249,	0.3186,	0.3436,	0.3636,	0.3709,	0.3734

==========Dataset MQ2008 NDCGs===========
Func,	    NDCG@1, NDCG@3, NDCG@5, NDCG@10,NDCG@20,NDCG@50,
ListNet,	0.4450,	0.4758,	0.5152,	0.5998,	0.6593,	0.6901
KLDiv,	  0.4433,	0.4711,	0.5178,	0.6001,	0.6591,	0.6902
Alph-0.5,	0.4445,	0.4757,	0.5133,	0.6000,	0.6596,	0.6904
Alph0.5,	0.4399,	0.4671,	0.5142,	0.5977,	0.6562,	0.6877
Alph1.3,	0.4534,	0.4749,	0.5196,	0.6000,	0.6600,	0.6911
Alph1.4,	0.4512,	0.4742,	0.5198,	0.6015,	0.6603,	0.6915
Alph1.5,	0.4600,	0.4752,	0.5214,	0.6025,	0.6621,	0.6927
Alph1.6,	0.4587,	0.4770,	0.5225,	0.6036,	0.6621,	0.6932
Alph1.7,	0.4538,	0.4805,	0.5234,	0.6044,	0.6623,	0.6934
Alph2.0,	0.4491,	0.4784,	0.5197,	0.6018,	0.6606,	0.6911
Alph5.0,	0.4330,	0.4577,	0.5001,	0.5881,	0.6469,	0.6773
Wgt0.1,	  0.4300,	0.4608,	0.5004,	0.5910,	0.6487,	0.6819
Wgt0.7,	  0.4353,	0.4652,	0.5108,	0.5947,	0.6536,	0.6855
Wgt1.4,	  0.4476,	0.4749,	0.5215,	0.6020,	0.6601,	0.6916
Wgt2.0,	  0.4540,	0.4760,	0.5230,	0.6036,	0.6618,	0.6929
Wgt4.0,	  0.4553,	0.4826,	0.5290,	0.6074,	0.6651,	0.6956
Wgt5.0,	  0.4511,	0.4790,	0.5234,	0.6037,	0.6624,	0.6929
Wgt6.0,	  0.4484,	0.4818,	0.5248,	0.6055,	0.6633,	0.6936
Wgt8.0,	  0.4529,	0.4838,	0.5280,	0.6066,	0.6648,	0.6947
Wgt10.0,	0.4521,	0.4816,	0.5268,	0.6052,	0.6636,	0.6937
Wgt15.0,	0.4487,	0.4835,	0.5295,	0.6067,	0.6642,	0.6945
==========Dataset MQ2008 ERRs ===========
Func	    ERR@1,	ERR@3,	ERR@5,	ERR@10,	ERR@20,	ERR@50
ListNet,	0.2659,	0.3703,	0.3971,	0.4133,	0.4169,	0.4176
KLDiv,	  0.2667,	0.3716,	0.3999,	0.4153,	0.4188,	0.4195
Alph-0.5,	0.2654,	0.3705,	0.3967,	0.4130,	0.4167,	0.4173
Alph0.5,	0.2649,	0.3677,	0.3960,	0.4119,	0.4154,	0.4161
Alph1.3,	0.2722,	0.3751,	0.4029,	0.4182,	0.4219,	0.4226
Alph1.4,	0.2716,	0.3737,	0.4023,	0.4179,	0.4213,	0.4220
Alph1.5,	0.2777,	0.3776,	0.4062,	0.4219,	0.4253,	0.4260
Alph1.6,	0.2774,	0.3788,	0.4066,	0.4222,	0.4256,	0.4263
Alph1.7,	0.2746,	0.3786,	0.4055,	0.4213,	0.4245,	0.4252
Alph2.0,	0.2726,	0.3768,	0.4038,	0.4196,	0.4230,	0.4237
Alph5.0,	0.2577,	0.3618,	0.3893,	0.4058,	0.4095,	0.4102
Wgt0.1,	  0.2579,	0.3608,	0.3890,	0.4057,	0.4093,	0.4100
Wgt0.7,	  0.2612,	0.3661,	0.3938,	0.4099,	0.4135,	0.4142
Wgt1.4,	  0.2686,	0.3741,	0.4021,	0.4172,	0.4206,	0.4214
Wgt2.0,	  0.2738,	0.3760,	0.4048,	0.4200,	0.4233,	0.4240
Wgt4.0,	  0.2748,	0.3795,	0.4081,	0.4226,	0.4258,	0.4265
Wgt5.0,	  0.2722,	0.3776,	0.4051,	0.4202,	0.4236,	0.4242
Wgt6.0,	  0.2704,	0.3773,	0.4044,	0.4198,	0.4230,	0.4236
Wgt8.0,	  0.2721,	0.3792,	0.4063,	0.4213,	0.4246,	0.4252
Wgt10.0,	0.2721,	0.3781,	0.4057,	0.4207,	0.4240,	0.4246
Wgt15.0,	0.2699,	0.3783,	0.4057,	0.4202,	0.4235,	0.4242

